       N       E                     dE             d eps       ncg     rms          rms(c)
DAV:   1    -0.104463255665E+03   -0.10446E+03   -0.81188E-02  6960   0.476E-01    0.778E-01
RMM:   2    -0.104955880164E+03   -0.49262E+00   -0.84894E-02  6719   0.443E-01    0.798E+00
RMM:   3    -0.104465361428E+03    0.49052E+00   -0.51169E-02  6663   0.389E-01    0.710E-01
RMM:   4    -0.104457553430E+03    0.78080E-02   -0.62431E-03  6811   0.133E-01    0.195E-01
RMM:   5    -0.104457465537E+03    0.87893E-04   -0.10828E-03  6982   0.540E-02    0.160E-01
RMM:   6    -0.104457315325E+03    0.15021E-03   -0.28552E-04  6993   0.285E-02    0.663E-02
RMM:   7    -0.104457312081E+03    0.32441E-05   -0.10327E-04  6944   0.160E-02    0.601E-02
RMM:   8    -0.104457303967E+03    0.81138E-05   -0.44685E-05  5815   0.114E-02
   1 F= -.10445730E+03 E0= -.10442671E+03  d E =-.917887E-01
