       N       E                     dE             d eps       ncg     rms          rms(c)
DAV:   1    -0.104541480374E+03   -0.10454E+03   -0.32664E-02  6960   0.322E-01    0.716E-01
RMM:   2    -0.104603364415E+03   -0.61884E-01   -0.47590E-02  6501   0.356E-01    0.313E+00
RMM:   3    -0.104553094295E+03    0.50270E-01   -0.23195E-02  6812   0.282E-01    0.131E+00
RMM:   4    -0.104538027520E+03    0.15067E-01   -0.27948E-03  6541   0.866E-02    0.125E-01
RMM:   5    -0.104537879399E+03    0.14812E-03   -0.44331E-04  6753   0.341E-02    0.959E-02
RMM:   6    -0.104537846260E+03    0.33139E-04   -0.84640E-05  6588   0.148E-02    0.590E-02
RMM:   7    -0.104537841026E+03    0.52337E-05   -0.28223E-05  5090   0.838E-03
   1 F= -.10453784E+03 E0= -.10450648E+03  d E =-.940760E-01
