       N       E                     dE             d eps       ncg     rms          rms(c)
DAV:   1    -0.104489170649E+03   -0.10449E+03   -0.44743E-02  7152   0.343E-01    0.492E-01
RMM:   2    -0.104719823381E+03   -0.23065E+00   -0.36866E-02  6727   0.289E-01    0.541E+00
RMM:   3    -0.104489085872E+03    0.23074E+00   -0.22841E-02  6613   0.260E-01    0.304E-01
RMM:   4    -0.104486660628E+03    0.24252E-02   -0.24530E-03  6854   0.818E-02    0.157E-01
RMM:   5    -0.104486567483E+03    0.93145E-04   -0.46204E-04  6989   0.349E-02    0.857E-02
RMM:   6    -0.104486525472E+03    0.42011E-04   -0.13708E-04  6964   0.193E-02    0.440E-02
RMM:   7    -0.104486523358E+03    0.21139E-05   -0.50372E-05  5921   0.112E-02
   1 F= -.10448652E+03 E0= -.10445645E+03  d E =-.902252E-01
