       N       E                     dE             d eps       ncg     rms          rms(c)
DAV:   1    -0.104575196879E+03   -0.10458E+03   -0.28538E-02  6864   0.309E-01    0.577E-01
RMM:   2    -0.104622756371E+03   -0.47559E-01   -0.35441E-02  6632   0.300E-01    0.259E+00
RMM:   3    -0.104584539248E+03    0.38217E-01   -0.15937E-02  6787   0.231E-01    0.124E+00
RMM:   4    -0.104572452480E+03    0.12087E-01   -0.26156E-03  6636   0.839E-02    0.203E-01
RMM:   5    -0.104572078302E+03    0.37418E-03   -0.48984E-04  6645   0.369E-02    0.110E-01
RMM:   6    -0.104572006748E+03    0.71553E-04   -0.93370E-05  6833   0.159E-02    0.550E-02
RMM:   7    -0.104571995993E+03    0.10756E-04   -0.31177E-05  5161   0.884E-03    0.492E-02
RMM:   8    -0.104571986555E+03    0.94379E-05   -0.18580E-05  4553   0.714E-03
   1 F= -.10457199E+03 E0= -.10454058E+03  d E =-.942235E-01
