       N       E                     dE             d eps       ncg     rms          rms(c)
DAV:   1    -0.104623404751E+03   -0.10462E+03   -0.60794E-03  6240   0.132E-01    0.166E-01
RMM:   2    -0.104632477735E+03   -0.90730E-02   -0.35837E-03  6578   0.919E-02    0.108E+00
RMM:   3    -0.104624147947E+03    0.83298E-02   -0.16064E-03  6695   0.706E-02    0.347E-01
RMM:   4    -0.104623071054E+03    0.10769E-02   -0.32888E-04  6600   0.311E-02    0.448E-02
RMM:   5    -0.104623063624E+03    0.74305E-05   -0.73820E-05  6525   0.139E-02
   1 F= -.10462306E+03 E0= -.10459494E+03  d E =-.843597E-01
