       N       E                     dE             d eps       ncg     rms          rms(c)
DAV:   1    -0.104514809354E+03   -0.10451E+03   -0.20957E-02  6288   0.247E-01    0.210E-01
RMM:   2    -0.104529617628E+03   -0.14808E-01   -0.55003E-03  6625   0.119E-01    0.135E+00
RMM:   3    -0.104515541748E+03    0.14076E-01   -0.23562E-03  6634   0.847E-02    0.383E-01
RMM:   4    -0.104514285351E+03    0.12564E-02   -0.65214E-04  6599   0.444E-02    0.817E-02
RMM:   5    -0.104514269355E+03    0.15996E-04   -0.14154E-04  6871   0.197E-02    0.774E-02
RMM:   6    -0.104514239492E+03    0.29863E-04   -0.46793E-05  6229   0.121E-02    0.301E-02
RMM:   7    -0.104514242974E+03   -0.34821E-05   -0.24478E-05  4820   0.852E-03
   1 F= -.10451424E+03 E0= -.10448257E+03  d E =-.950230E-01
