       N       E                     dE             d eps       ncg     rms          rms(c)
DAV:   1    -0.104600234884E+03   -0.10460E+03   -0.65294E-03  6240   0.136E-01    0.206E-01
RMM:   2    -0.104622377247E+03   -0.22142E-01   -0.57036E-03  6643   0.115E-01    0.165E+00
RMM:   3    -0.104601072023E+03    0.21305E-01   -0.29132E-03  6577   0.934E-02    0.390E-01
RMM:   4    -0.104599783019E+03    0.12890E-02   -0.56001E-04  6747   0.401E-02    0.616E-02
RMM:   5    -0.104599764767E+03    0.18252E-04   -0.93627E-05  6709   0.151E-02    0.460E-02
RMM:   6    -0.104599750738E+03    0.14030E-04   -0.24931E-05  5003   0.832E-03    0.157E-02
RMM:   7    -0.104599753579E+03   -0.28409E-05   -0.83500E-06  4300   0.461E-03
   1 F= -.10459975E+03 E0= -.10456686E+03  d E =-.986916E-01
