       N       E                     dE             d eps       ncg     rms          rms(c)
DAV:   1    -0.104562867767E+03   -0.10456E+03   -0.73348E-02  7200   0.480E-01    0.932E-01
RMM:   2    -0.104829862144E+03   -0.26699E+00   -0.92128E-02  6683   0.486E-01    0.593E+00
RMM:   3    -0.104589946644E+03    0.23992E+00   -0.45667E-02  6776   0.374E-01    0.208E+00
RMM:   4    -0.104556390197E+03    0.33556E-01   -0.10280E-02  6473   0.172E-01    0.203E-01
RMM:   5    -0.104555821818E+03    0.56838E-03   -0.15176E-03  6738   0.629E-02    0.140E-01
RMM:   6    -0.104555734511E+03    0.87307E-04   -0.25493E-04  6930   0.263E-02    0.812E-02
RMM:   7    -0.104555731804E+03    0.27074E-05   -0.82500E-05  6604   0.141E-02
   1 F= -.10455573E+03 E0= -.10452488E+03  d E =-.925501E-01
