       N       E                     dE             d eps       ncg     rms          rms(c)
DAV:   1    -0.104531598094E+03   -0.10453E+03   -0.11781E-02  6816   0.188E-01    0.302E-01
RMM:   2    -0.104556514981E+03   -0.24917E-01   -0.97002E-03  6616   0.158E-01    0.182E+00
RMM:   3    -0.104534672813E+03    0.21842E-01   -0.46578E-03  6747   0.120E-01    0.663E-01
RMM:   4    -0.104530926094E+03    0.37467E-02   -0.10531E-03  6479   0.554E-02    0.744E-02
RMM:   5    -0.104530878165E+03    0.47929E-04   -0.15264E-04  6646   0.199E-02    0.539E-02
RMM:   6    -0.104530864512E+03    0.13653E-04   -0.28323E-05  5070   0.906E-03    0.268E-02
RMM:   7    -0.104530864519E+03   -0.66793E-08   -0.12223E-05  4301   0.581E-03
   1 F= -.10453086E+03 E0= -.10449885E+03  d E =-.960355E-01
